327
2056
447
351
1281
769
399
631
350
76
1101
3491
489
431
374
1391
488
2419
421
319
512
133
1231
2132
4944
369
3253
512
699
748
653
601
223
267
1402
1992
357
507
955
399
591
505
1638
1207
567
327
554
523
277
1793
302
1278
287
371
501
593
787
268
597
54
1136
497
698
630
423
9539
795
438
474
1607
6265
494
451
1400
629
933
1636
705
438
561
578
458
462
814
876
564
400
384
374
267
61
240
543
1571
490
180
894
479
984
594
372
290
640
446
600
298
638
969
1136
130
586
161
1142
2153
3073
235
331
380
369
2943
912
533
2318
340
500
347
468
354
451
221
624
754
396
1357
608
517
1274
258
513
594
753
106
733
331
356
612
538
1092
654
323
335
781
175
942
400
1298
1490
525
486
365
659
216
456
316
566
217
314
262
423
216
274
295
2630
459
401
1123
219
235
526
374
1275
319
1572
668
1067
335
628
515
588
340
539
773
2657
562
547
4750
855
1458
885
415
422
1663
396
565
555
858
438
331
156
859
342
161
969
700
1066
396
370
576
621
493
1171
985
294
513
419
341
406
292
1181
500
430
511
575
134
2043
632
347
514
602
491
412
375
487
255
697
448
634
98
1255
258
509
817
305
707
742
241
863
23283
436
1070
705
381
920
458
380
1296
111
887
1241
557
2998
235
1476
318
2293
476
1554
736
339
1674
521
992
2387
355
341
3805
715
447
498
519
503
422
468
516
2714
2519
296
665
1035
465
979
6
468
307
322
42
401
1690
0
346
343
760
390
668
170
3736
842
634
3210
2806
431
1078
1136
1748
408
1613
536
689
324
9340
685
403
896
2711
537
571
413
501
498
2406
382
313
1230
384
632
240
754
458
2315
557
70
123
540
291
661
593
352
864
897
1232
515
1097
475
1655
1149
490
180
332
421
380
443
1101
551
1136
376
487
1020
6818
1779
436
505
3359
450
839
413
2456
556
337
493
489
376
540
474
5552
446
579
498
245
498
1802
797
815
657
470
264
435
5
323
2868
496
329
2931
618
613
961
659
1834
711
500
6
836
509
1864
488
754
1293
1620
830
2361
231
6997
683
384
469
443
428
370
394
325
350
687
758
275
922
515
500
3535
484
850
280
609
759
669
250
221
503
323
553
444
549
3851
729
1452
302
33
1688
688
842
425
677
1886
2485
86
928
381
148
514
776
54
532
343
26
1208
330
693
429
518
32
342
423
332
3689
253
380
108
341
322
413
1318
758
2127
679
530
316
358
364
246
590
58
671
344
452
2282
484
2098
1931
260
3382
2631
285
1739
533
2480
3148
1156
272
1516
478
405
504
277
1434
3822
920
814
550
357
570
701
216
1691
1857
910
2992
683
509
778
429
1055
434
1031
498
190
247
342
777
369
403
1204
504
289
1234
337
225
423
544
1003
605
488
1126
341
1843
1246
483
1287
442
7313
2416
423
1007
1559
505
563
195
347
355
222
4661
189
380
1119
938
395
1463
551
1783
318
461
331
620
1699
467
832
966
624
699
670
854
1047
723
480
301
346
3735
433
153
430
416
525
2434
992
268
3610
272
950
571
1035
738
1767
646
402
313
816
590
319
331
920
203
505
903
702
508
710
1853
770
1689
404
3649
1978
473
381
461
281
353
696
2242
998
1248
3119
40
464
1779
613
309
952
360
186
1725
846
1730
331
232
852
272
301
1813
276
4091
1950
1791
694
833
2098
370
805
408
1813
475
552
299
9147
1277
492
1379
5785
770
76
480
839
5453
506
639
196
1211
368
765
600
393
1703
998
785
931
234
590
253
944
502
342
568
1916
2207
286
405
1315
265
3784
426
333
433
726
388
577
546
1743
481
1277
593
424
1729
570
359
486
229
426
554
288
756
1189
67
305
777
433
591
148
627
467
1030
438
463
1856
317
462
1156
2477
795
1022
432
725
913
3348
3019
464
245
5023
384
1439
1108
528
267
1015
420
475
1182
615
246
353
1083
501
1065
303
488
1326
460
240
522
607
704
2191
1813
537
396
548
1007
641
2415
399
695
1077
882
446
427
415
415
462
377
446
957
278
995
241
540
319
604
417
731
220
481
430
105
375
516
1651
8146
2591
253
294
374
3218
556
280
95
564
1157
418
1733
2097
806
836
757
437
946
459
1081
468
249
556
614
477
2037
324
578
126
425
740
514
488
917
417
435
603
1217
1908
252
426
3316
2027
302
545
211
322
2017
294
501
1062
906
627
1822
524
1211
447
3240
394
498
666
549
443
260
487
577
22064
396
36
917
553
378
4514
644
371
58
668
708
476
2456
0
546
1818
587
474
351
554
689
538
423
792
2384
701
643
276
1915
378
277
953
1577
409
42
395
169
263
961
567
686
2385
293
1297
714
538
526
508
212
813
4488
77
824
2464
919
507
335
705
753
586
563
921
330
292
283
1091
521
536
837
1905
1187
1147
2071
591
442
410
498
1422
487
257
359
2960
1137
1455
535
852
98
961
534
392
708
2445
592
593
399
1242
460
778
6439
816
2046
411
366
671
210
603
382
1320
0
892
503
1205
682
1386
62
560
428
484
1001
573
497
348
2401
546
2117
494
740
719
918
853
535
699
137
435
3450
405
7217
997
538
512
382
829
1296
561
740
764
320
474
376
239
305
316
2163
343
956
337
300
2706
446
3224
568
1926
627
329
743
72
290
323
518
339
306
6908
285
483
300
589
1658
355
1185
328
230
260
3884
1212
500
419
4044
2102
214
9231
333
629
1056
321
460
1273
427
506
788
7323
324
267
2161
999
511
233
2686
472
597
392
630
300
392
2029
374
325
1041
1025
337
710
1137
444
615
6518
1081
349
242
289
1561
554
714
695
209
222
1464
462
409
232
124
350
326
439
1037
1520
778
468
382
503
396
726
3453
3063
498
425
634
4451
225
382
710
407
942
383
464
1049
866
489
162
341
293
1417
1525
402
512
806
467
542
374
843
577
208
101
877
354
732
247
4640
362
306
443
2442
103
264
365
684
325
1712
487
1227
218
747
915
868
701
917
1486
407
512
344
92
483
459
551
516
707
414
194
592
911
376
378
778
4576
1807
12155
252
668
388
271
915
147
795
245
411
231
1207
309
916
750
1111
3774
571
372
478
1411
2390
560
148
7998
3210
505
512
693
332
973
1076
1405
888
400
766
426
1210
495
1197
282
447
361
320
531
158
577
668
2632
2251
3060
102
596
576
425
408
502
494
226
1342
1059
486
266
1096
602
488
2278
823
548
1994
316
357
2694
288
716
671
857
1627
354
544
618
636
288
558
279
415
353
42
464
505
2166
420
1461
407
240
258
272
1460
365
405
1239
759
1947
778
648
1830
287
939
3172
193
912
2025
1287
5810
365
784
501
940
935
329
1465
171
587
158
1471
8390
1093
781
302
463
483
65
727
5282
1513
347
1097
275
613
362
398
804
943
332
608
720
415
884
459
1898
361
144
296
1978
1081
359
476
469
855
1950
715
1640
566
403
1374
393
725
913
1230
462
838
112
463
2378
1060
533
288
634
548
518
1495
267
125
464
1619
283
1361
405
284
1639
384
338
1080
585
392
352
413
2806
842
501
773
972
1404
402
182
1333
297
2937
4122
985
1638
647
1059
1353
334
224
814
451
369
578
1314
475
267
465
5598
418
685
1263
337
366
802
105
2562
406
1185
453
133
302
1574
679
280
1484
427
782
360
320
296
243
1895
2230
347
669
825
530
564
265
1411
529
912
262
4766
3924
1652
550
462
929
647
627
2620
466
822
3272
511
9337
387
523
4775
246
1131
421
1292
1016
520
310
1868
93
624
820
1295
217
531
400
244
961
1434
876
1985
238
530
561
222
451
4637
887
797
853
317
93
397
316
310
457
667
434
493
351
1305
565
2098
277
229
774
668
148
440
728
421
781
332
461
446
859
2116
1267
2325
816
543
73
641
0
410
1723
419
426
311
840
396
442
637
410
467
661
526
423
362
6491
757
248
502
1317
206
373
3707
616
484
1580
277
398
382
820
1259
353
2158
1454
1308
268
586
740
534
562
1188
1525
420
252
148
384
743
638
154
1441
395
361
465
672
1454
504
785
533
561
395
265
948
385
506
163
425
2013
589
571
1223
224
345
752
1677
1518
1932
451
1750
371
1313
826
421
371
418
590
601
402
578
192
199
317
497
680
798
301
454
261
508
443
401
760
671
590
1828
666
202
6173
464
1172
348
1123
333
3122
440
188
463
416
685
808
547
526
420
429
2504
335
731
1037
14754
269
509
403
351
523
1108
414
610
872
412
297
3244
2433
5418
400
638
242
649
4534
1186
465
4269
612
699
900
1580
1099
509
369
623
465
834
0
2312
205
1540
524
339
6127
530
1057
533
226
598
660
511
486
2435
426
717
599
476
327
608
445
694
321
456
641
272
453
257
296
565
25461
595
666
266
377
493
514
1002
459
1717
374
531
528
505
602
1400
736
388
640
284
444
552
337
383
494
283
376
516
932
720
947
1382
78
479
612
486
2620
764
370
3061
753
613
546
721
375
278
348
810
6114
406
3678
432
1739
279
590
465
648
1019
9185
336
191
355
133
317
605
1062
703
599
588
951
513
1988
484
878
615
327
2109
1613
1649
16040
245
618
5063
844
542
3961
252
266
773
35
612
469
607
473
101
4810
485
740
579
598
2607
281
350
519
901
247
256
281
66
1292
410
339
313
1488
1133
424
322
860
793
310
496
368
755
1702
520
261
679
366
375
495
963
318
561
375
369
414
1333
731
1461
901
637
499
740
1834
466
347
670
633
797
329
397
544
559
371
1182
250
379
419
390
75
497
327
1900
496
1122
705
407
396
26
828
420
618
226
492
433
496
354
348
2696
1008
396
1006
435
190
304
425
2209
416
270
582
1652
379
721
739
621
441
184
397
669
869
873
565
477
311
1697
2388
623
279
473
1306
480
432
498
305
699
329
396
697
363
410
727
108
475
780
392
375
1266
1971
519
309
329
333
920
331
2050
417
770
571
610
2152
86
613
362
526
201
968
685
519
329
219
470
595
402
502
472
553
407
2282
2473
460
353
1867
1039
1063
460
781
2611
4226
269
3288
340
2458
480
1235
654
297
607
831
404
1301
650
804
605
315
375
787
350
447
399
2037
279
340
470
202
388
311
507
1940
85
694
565
544
515
1198
336
19
1472
439
597
1204
418
206
625
326
1497
1642
347
339
298
451
377
229
509
296
933
2469
64
1141
249
1167
515
710
454
351
377
406
314
915
324
381
885
452
4046
523
334
417
483
555
284
372
42
231
423
3605
1041
449
270
950
807
351
441
441
847
493
436
582
2646
376
3597
983
563
424
181
547
55
1172
8228
2074
351
247
789
1389
326
26
781
515
265
1039
212
321
714
732
2067
415
1006
267
359
1557
3500
2552
867
416
400
465
827
339
309
1289
588
661
455
1243
655
248
678
940
1674
807
519
67
551
346
883
617
1218
437
374
456
450
2078
587
360
2668
352
1048
2128
317
626
1008
803
679
841
358
240
436
2729
205
455
1000
1307
682
1591
1602
453
255
2677
1167
526
278
780
186
412
470
252
461
2613
433
400
415
406
598
380
814
1369
556
330
1335
371
518
310
354
457
859
561
1059
372
922
367
634
785
471
293
615
503
351
1244
983
1020
3750
1052
161
211
2689
635
348
79
725
457
677
279
514
6687
11345
261
2318
275
1211
62
1531
473
213
1850
612
2349
394
374
1019
1035
139
405
382
1129
496
692
1109
366
1110
516
394
292
133
9340
616
534
392
381
3880
1051
984
897
219
3164
501
451
514
309
514
1757
10282
1155
2179
2058
449
1408
34
355
1562
394
817
762
374
346
363
406
532
639
358
1411
340
299
268
62
707
621
509
901
628
861
451
1350
201
899
1069
823
289
385
492
368
486
367
315
597
887
413
352
425
423
329
250
335
1458
371
11200
306
2214
482
554
754
747
2382
554
350
2577
622
1444
1581
472
371
343
240
402
67
331
316
371
283
459
1715
511
895
515
341
896
8341
522
525
1132
309
234
1228
420
1950
494
450
1349
5163
500
459
391
427
241
884
459
528
367
417
263
393
619
2721
384
577
2646
689
386
491
496
507
364
369
654
340
1558
451
2298
218
1749
2914
3116
336
1554
354
313
923
427
638
238
6354
1400
453
181
310
250
563
667
504
349
3415
675
369
297
707
286
457
717
649
3956
1012
401
1527
291
587
3218
885
516
501
389
626
251
2901
1079
273
6946
661
361
451
273
345
679
393
517
512
1049
235
164
628
227
365
395
1046
921
322
715
528
731
367
774
3604
590
2458
664
266
486
641
677
97
1179
1839
214
1049
453
280
402
536
2155
319
370
699
502
562
1156
1840
807
350
652
1718
428
2351
2582
1196
442
504
628
2247
510
673
340
318
552
366
349
822
461
511
448
452
524
669
1220
368
317
581
429
272
671
698
495
320
853
549
643
529
541
353
465
224
338
310
257
322
1023
1223
866
561
185
405
574
1739
992
489
1876
2561
536
839
1619
428
349
709
884
67
421
1538
551
87
953
2243
846
2959
338
501
409
718
463
989
838
378
894
2758
3719
849
99
6551
324
518
539
369
336
820
5756
310
953
1113
73
372
553
667
1596
658
1289
896
686
383
423
6419
469
243
535
647
1959
407
558
1672
2590
902
318
297
1895
5734
243
910
942
401
378
2082
754
262
496
1845
453
473
520
482
988
771
411
563
462
26
286
942
794
459
320
1345
434
894
507
3011
386
696
639
484
867
892
396
1461
437
1986
650
4656
279
170
505
1324
765
330
735
463
3227
488
157
8602
736
1536
257
612
625
303
676
264
421
425
398
285
709
569
251
879
337
558
317
727
779
1132
1063
1812
1717
327
1374
194
406
384
938
3682
5823
2036
210
375
681
1224
2619
450
398
836
553
431
363
415
1073
361
311
816
458
345
1252
545
595
450
5071
1108
321
6697
693
664
448
587
971
517
478
320
338
881
646
690
242
461
1078
281
354
720
690
347
719
958
736
2989
338
2275
451
314
597
1137
567
1528
524
464
941
1108
517
721
1349
349
893
524
461
233
435
557
554
577
1152
397
746
616
1141
344
607
862
379
756
203
1685
1809
638
391
1382
2113
717
918
562
334
592
362
580
38
914
1156
667
1073
313
350
439
244
352
429
522
520
1465
615
563
547
786
413
14728
870
474
171
603
461
654
3604
1720
173
517
468
1494
371
727
357
340
298
361
1798
576
304
839
340
1954
2028
744
1203
255
109
544
1036
1016
682
623
264
745
1331
1022
311
1041
1926
4255
1102
674
355
265
490
830
882
1818
1805
334
952
453
609
4107
26821
404
434
1610
560
493
1276
1917
254
431
379
311
617
413
415
390
745
257
705
409
545
364
380
1288
377
385
311
376
434
2102
1523
341
896
1866
454
1032
1332
182
999
6885
1589
3553
754
546
119
531
905
636
257
303
449
510
1472
629
593
415
755
358
347
1335
694
1072
790
100
16752
988
421
507
2460
382
986
363
724
790
1081
116
657
541
417
222
226
243
346
5799
726
1827
1141
316
617
1132
952
777
1838
383
1177
876
1216
27
662
572
1444
618
404
501
427
683
234
3457
927
603
614
351
446
578
330
1674
271
2921
660
1210
884
356
3196
808
663
1176
221
1964
797
348
940
445
778
278
554
1070
458
488
497
1896
1441
719
1663
373
396
367
1707
1846
1832
851
463
477
359
2498
985
397
590
5292
2282
2598
1273
706
643
1984
559
393
406
1983
720
1843
404
673
247
1314
401
491
887
483
432
370
594
3888
734
671
2571
1504
2130
353
374
258
472
797
397
964
476
374
433
312
331
1174
447
3223
674
614
312
1220
894
376
342
395
949
47
1887
410
540
960
1513
575
528
1058
249
1075
219
416
733
360
493
205
421
233
866
168
559
778
786
435
1726
945
406
377
114
382
435
2210
1913
534
670
2438
3182
456
353
267
229
339
1857
600
352
466
209
539
2935
418
7393
337
412
1035
1044
2236
330
2013
308
1143
316
850
548
258
380
780
208
1338
1638
398
365
557
850
383
62
499
404
1545
1272
385
1793
353
586
322
768
239
1291
480
737
457
537
1078
419
588
622
555
593
10228
390
439
625
718
884
1132
625
761
910
431
416
439
1046
597
524
601
552
1868
175
467
521
370
1964
934
538
898
420
1029
395
412
24
454
863
922
853
432
197
286
752
471
1028
1107
579
1141
340
610
608
324
434
893
1419
538
900
604
307
6905
375
594
883
509
245
208
433
315
265
358
1163
307
963
1962
624
312
563
260
518
567
716
507
622
8950
741
513
201
76
271
470
695
1880
2464
356
2631
761
418
1566
359
1083
1103
612
673
1813
367
617
756
280
407
350
1557
567
471
449
444
4148
370
608
2322
563
414
1340
2571
370
1948
1504
392
1678
405
407
829
455
587
401
1628
2192
801
564
1249
2496
369
265
573
255
424
849
546
1244
377
687
642
418
398
583
2053
878
1896
428
193
500
793
404
305
266
513
405
1443
659
1398
1708
383
831
305
286
228
400
554
321
472
1064
579
142
1493
363
0
625
728
772
6874
436
309
7018
163
930
3247
455
715
486
3944
494
402
376
567
503
189
498
1722
4131
473
500
519
557
953
356
1169
1135
418
1375
553
490
467
1659
1550
249
401
480
509
1036
554
484
302
733
529
985
495
1669
300
1918
853
577
857
272
2051
250
431
962
1739
474
425
426
830
451
719
773
2
1087
998
459
523
523
300
306
835
409
1050
466
692
285
1139
453
547
453
677
294
470
457
1072
409
1924
666
402
613
596
188
690
304
1628
291
1090
450
441
1735
411
828
732
697
1768
346
1119
1102
1042
340
701
9328
1455
642
1029
1089
1236
134
392
679
1359
1296
277
222
861
834
1053
327
407
906
1091
2080
132
568
324
701
651
552
1273
280
1111
1589
511
2244
322
105
3711
541
456
345
2243
1332
1966
263
628
980
428
429
612
1926
709
2056
772
985
291
857
592
1686
583
360
339
576
891
691
846
490
500
218
809
425
308
1035
75
755
526
725
239
333
642
544
1226
1645
341
234
1400
1630
253
455
526
718
542
361
354
2477
362
327
1131
231
1023
1586
605
947
228
3464
2315
302
1388
589
1171
491
640
944
773
348
860
744
302
1257
410
160
345
437
533
577
372
283
2276
969
682
741
2938
378
1149
372
1046
644
1052
202
209
468
541
284
281
362
1981
1081
286
600
380
424
422
454
2580
203
1146
346
450
371
91
476
384
125
705
2433
1278
507
4870
1734
334
714
4178
2544
488
331
332
558
1023
561
864
491
618
458
175
326
350
2619
784
265
669
1041
658
331
533
525
242
55
1518
447
2742
494
504
1358
477
399
365
218
1064
90
600
498
1909
816
357
1543
388
667
104
446
506
931
106
701
295
11094
372
1256
1178
713
374
708
239
493
943
632
427
384
568
251
904
1392
292
734
388
2037
619
219
457
337
1944
156
581
310
637
761
648
607
901
517
302
4413
331
412
396
2360
490
116
508
1043
1176
121
430
1486
808
412
339
1158
697
556
3772
242
319
438
546
392
3821
108
516
245
348
523
1320
1153
3253
753
472
332
906
3449
2163
1646
776
486
1364
866
367
1593
491
458
526
333
541
877
146
1217
565
679
738
2671
512
877
497
324
290
427
387
1079
587
499
164
192
1225
250
257
721
5513
912
568
574
397
522
733
469
320
1683
268
652
325
413
4774
3891
108
779
783
703
494
351
1004
757
336
433
1077
319
1139
848
568
257
508
655
326
317
385
515
337
294
435
182
1179
463
384
614
1528
333
711
983
1699
1175
1041
299
2471
747
1043
785
194
1003
796
759
423
2421
441
521
330
905
1178
489
4965
1278
433
1515
1528
361
2164
794
432
424
843
3485
381
398
1674
892
500
396
3984
290
265
319
264
314
1252
868
2218
690
416
234
310
520
299
393
838
547
212
193
388
268
459
76
989
625
969
333
1785
304
318
1302
199
611
626
1702
200
713
211
2121
530
1027
782
681
528
186
460
333
558
482
23025
612
636
839
466
1785
394
1228
2116
413
892
2596
1107
3882
1344
298
319
113
391
483
606
684
986
1769
864
3221
435
902
6208
252
921
421
253
265
366
769
400
313
604
2082
638
405
1114
515
272
541
553
658
244
892
832
375
578
342
396
387
2468
448
1501
454
430
380
514
721
825
339
605
6882
1450
1412
6887
366
721
973
595
450
2037
273
2216
333
1408
417
587
919
696
362
2072
555
1556
536
211
241
9233
254
379
516
731
132
876
581
796
453
545
523
2624
877
92
565
693
368
476
419
349
486
512
912
1213
424
283
711
274
180
4620
2376
420
526
1683
723
1717
392
471
484
2129
2179
189
489
268
346
849
948
463
1173
1037
3827
506
491
1703
371
372
319
548
488
1515
519
386
1328
471
746
53
457
663
722
2321
291
933
2611
309
536
576
533
849
315
603
892
663
563
2616
481
2004
642
314
1262
3462
546
1088
1040
553
851
1809
271
605
1055
1198
259
1981
532
209
393
1290
1136
535
398
301
274
774
553
603
1708
688
1723
1550
419
1085
1037
363
360
337
804
215
872
794
450
355
465
445
353
394
939
1152
500
454
415
396
454
5224
409
364
780
960
390
651
354
698
602
511
389
291
235
1222
1823
1838
532
260
1272
1263
444
361
5339
297
1205
396
436
2513
29644
2685
541
2563
626
2383
2650
1282
457
354
768
676
2081
457
439
1082
391
604
599
251
1931
1083
1067
342
632
187
647
332
1526
512
432
379
578
1126
496
378
370
656
408
474
269
336
444
192
738
386
2381
1753
723
3139
744
2043
428
839
1608
762
441
714
414
505
212
457
405
327
741
210
898
1913
957
1097
487
1691
372
468
707
404
727
705
212
478
3850
2718
839
572
692
751
440
221
133
396
1191
1277
1424
120
1141
715
357
547
445
2551
307
358
57
182
373
722
592
6675
257
604
544
7099
1369
591
96
923
996
190
774
906
0
2499
941
988
2142
621
380
564
2677
2164
513
391
511
3126
456
320
7394
539
4508
1569
485
591
460
405
469
258
970
2589
1859
664
8239
396
289
218
506
373
614
871
711
618
754
341
552
232
639
3621
575
898
1429
404
287
6688
299
571
611
629
963
705
345
1572
338
517
325
515
329
1674
444
392
355
9011
482
5758
278
562
1480
1343
109
1246
397
671
470
187
320
383
1156
543
437
155
423
379
721
442
1323
414
157
604
1090
460
1232
431
435
1801
249
349
1188
682
572
308
930
1839
2877
414
431
522
329
470
347
468
988
3098
1145
2383
44
3445
320
570
365
429
595
662
388
382
609
451
216
1056
623
380
4304
2231
394
518
264
1705
7019
762
945
130
399
827
470
1196
3561
121
970
241
613
432
2127
457
515
174
2003
1338
648
514
579
360
668
250
310
584
657
878
483
640
462
501
505
248
464
488
1309
7464
592
337
839
394
1079
280
1829
3499
657
252
580
741
647
587
872
731
439
387
846
1179
801
549
8148
742
494
669
374
252
849
372
809
703
645
1665
539
348
546
652
568
942
560
534
2466
666
533
1766
368
479
327
1175
557
897
2180
1871
336
3308
656
365
678
3285
1093
764
2414
694
678
492
317
3563
797
362
3744
1540
428
1290
423
337
1638
537
174
316
958
761
710
1106
366
312
543
1770
324
429
508
1869
422
449
287
524
740
1144
156
231
503
3069
760
482
171
1795
691
478
3201
437
1397
676
2500
1123
774
988
369
549
899
185
536
1910
423
1202
340
2774
1786
464
520
394
572
555
1749
483
365
294
1740
1887
424
1382
2202
342
620
341
538
2263
1671
308
552
512
541
379
1575
303
908
567
444
603
376
546
382
5289
768
716
440
901
291
798
1110
792
439
408
341
516
1207
919
708
262
1580
831
410
462
300
601
525
530
518
413
474
699
482
363
341
825
436
2169
586
1088
949
817
399
2957
2463
346
644
649
376
373
414
2151
1085
0
491
349
408
872
751
3341
2418
239
2554
2013
1945
1048
365
225
446
603
1951
488
439
926
449
853
309
1231
748
6621
434
2629
844
239
763
400
436
2890
395
590
341
317
1677
916
769
549
1454
894
1267
370
1121
551
996
263
1360
1023
200
568
496
560
549
653
2556
255
765
1610
1093
348
293
2353
381
1758
490
951
309
893
392
26
586
594
380
478
1287
87
1889
706
544
1658
914
712
417
198
311
392
740
877
943
449
993
388
427
8572
275
289
158
495
149
1574
492
426
335
854
390
347
1592
487
2584
1163
649
541
483
542
338
701
754
599
465
6862
640
506
312
535
623
819
557
758
299
316
883
555
735
539
976
406
271
325
390
1863
14
623
756
160
162
232
918
568
1008
497
555
650
871
830
228
275
726
466
342
285
601
473
1222
348
184
552
534
717
830
973
262
1069
224
1051
528
479
723
746
688
1850
476
335
3103
725
456
805
1122
464
229
325
991
1024
383
278
1202
2586
1663
388
1966
2796
302
2587
360
571
1925
1130
542
413
5561
366
1576
361
727
716
292
1300
487
861
805
1149
498
515
481
877
1501
1428
2425
945
539
226
1509
524
389
454
463
434
554
1016
341
340
1820
839
934
1872
3534
187
344
930
399
567
593
549
645
118
311
3424
723
1241
6450
267
240
7282
755
954
221
468
3867
909
755
818
230
358
1073
725
528
1463
628
524
1449
469
177
246
1309
516
872
585
2058
478
507
319
796
455
1886
491
6186
657
1308
314
888
445
585
402
890
411
848
855
370
457
405
663
382
466
2068
1151
298
1092
731
1783
600
774
459
440
1031
460
2377
563
483
2051
396
430
520
2184
778
545
394
444
174
1794
721
603
411
748
1288
511
521
494
420
649
943
480
376
1134
522
1258
295
432
822
591
395
948
444
400
368
583
595
1467
954
2364
138
230
2513
475
404
95
563
470
452
537
1617
215
312
42
645
132
444
339
886
290
504
278
1266
474
1462
564
105
1270
572
625
525
340
310
1339
574
1819
534
940
579
305
324
136
467
321
1252
926
700
398
302
288
450
384
507
4731
1158
654
1379
374
467
1042
1158
3746
316
1243
3936
608
313
5568
422
916
804
186
1075
2427
585
868
5770
943
171
3113
453
378
1179
275
503
352
341
847
1597
354
1766
435
2819
226
299
416
531
1063
439
540
217
350
2154
515
315
684
416
310
258
311
204
493
1377
471
216
629
1926
678
288
800
337
1112
287
390
459
333
1086
419
610
284
1555
363
634
3922
446
754
587
8
357
931
2629
1773
727
1786
448
580
460
279
1188
313
365
543
963
139
1446
1400
518
2745
268
1974
1045
1036
601
272
361
576
286
275
959
283
765
290
365
396
841
581
518
357
1029
455
424
821
457
599
915
597
482
387
267
8878
734
853
883
1061
864
179
673
688
526
442
452
378
614
616
1005
1366
712
1911
373
758
343
388
312
875
399
8062
464
261
658
482
694
1520
526
11873
4029
912
163
661
329
63
627
1290
2141
361
428
541
519
371
989
352
633
3463
373
360
613
588
439
1185
390
410
397
371
491
597
1397
248
257
67
464
980
906
247
580
418
1026
66
463
574
550
2219
677
702
2427
656
666
1526
737
1900
679
689
545
437
399
1215
2645
551
321
503
361
684
436
324
430
393
871
1129
777
866
6681
545
311
625
509
475
596
650
293
110
2174
2239
458
336
1235
461
410
475
929
340
256
9623
344
275
402
287
341
267
510
554
3082
1679
2416
1054
676
276
2873
901
328
383
2713
578
666
595
729
8914
1141
933
426
785
1250
27
440
447
375
565
700
866
523
1540
257
443
583
3150
493
229
2053
568
406
2584
886
393
703
365
293
476
739
1332
395
1062
640
822
581
481
667
451
313
567
2157
729
624
437
394
1180
624
1065
317
593
1074
1676
334
10097
1965
296
371
571
605
1200
539
540
311
567
616
748
423
274
612
288
1146
458
449
599
497
670
535
1845
369
268
1487
1749
498
637
2839
335
875
473
483
2954
2887
1558
361
1583
3054
548
287
4932
587
703
1529
448
46
400
773
299
622
283
1708
505
818
441
518
512
640
1829
923
543
578
489
377
999
5086
184
381
406
457
376
1509
4062
234
480
590
283
1135
1702
2227
418
1137
350
699
1402
657
234
2119
304
476
518
856
980
745
357
1659
519
240
439
720
319
768
535
597
648
670
384
940
12477
483
2807
416
465
301
590
745
339
107
570
294
555
592
509
185
1794
417
469
289
383
184
1344
989
459
2145
5495
687
377
934
691
292
353
413
253
717
880
473
217
536
470
423
569
833
409
433
476
1592
606
483
1800
921
494
542
526
187
1847
412
272
824
1168
486
375
327
1488
685
1151
293
443
277
589
670
2384
2172
1192
95
770
684
396
315
1880
193
1968
486
465
706
320
4272
1568
4131
135
5395
308
349
491
237
128
1604
401
3672
541
638
2310
821
365
872
691
226
265
362
1026
864
2386
2522
715
182
543
484
178
223
221
1178
1984
486
386
446
805
0
439
1494
1940
5635
855
617
972
386
4181
1873
275
1672
2347
405
1038
1297
727
693
369
381
389
408
1033
993
686
429
646
5584
1110
1843
615
614
870
610
2098
455
367
358
812
325
654
474
717
293
402
547
657
313
780
478
389
2983
247
598
333
1293
212
684
517
505
400
2442
358
210
383
739
2510
503
278
870
934
272
698
1016
606
3225
359
478
4744
628
392
1661
11271
319
780
1652
814
610
1140
3828
475
573
269
6639
993
1053
729
407
727
445
341
796
298
2038
1399
684
618
439
2301
495
847
1371
457
1026
1006
2182
326
5674
1104
1641
878
389
497
385
283
8579
719
406
232
739
1432
639
423
988
317
1186
510
523
664
726
334
2869
669
395
263
746
363
1235
191
495
311
480
464
1047
2417
2312
3751
543
255
597
317
760
732
637
1759
822
621
342
301
692
356
894
313
402
264
568
144
388
326
2077
1036
478
505
340
438
1020
1553
445
519
585
3721
5763
323
2311
727
522
898
977
582
357
468
3092
1072
1265
471
446
616
546
385
2497
473
591
3009
1530
172
1212
360
301
340
1258
599
6058
517
334
572
343
1411
289
278
545
568
2706
337
514
1954
1018
1178
1381
922
421
640
230
593
945
1110
480
416
1362
623
1328
628
187
832
421
823
381
306
148
403
1782
433
768
429
839
560
2789
2565
1404
295
2501
6294
2515
709
354
541
309
1793
675
383
747
357
505
611
1937
9777
303
396
1814
416
466
876
452
322
415
404
351
841
408
311
367
882
966
367
114
540
853
524
641
736
449
193
406
268
518
446
2537
1126
260
791
285
501
475
356
1621
1479
463
242
551
430
211
1072
537
502
604
508
399
431
1731
1435
32
1739
394
681
872
411
538
510
523
1942
955
2513
455
384
351
638
609
561
867
510
724
1275
358
3126
2519
753
977
401
1112
430
919
858
1197
2459
1443
486
2977
2938
335
429
1953
814
643
360
302
1151
696
305
720
255
323
492
699
293
498
807
171
847
1106
453
522
771
345
1156
404
429
312
466
438
5597
386
488
851
410
791
175
387
858
277
1549
339
522
3205
1520
331
340
425
579
1358
226
917
223
527
1467
318
399
263
319
203
523
609
223
883
1593
1047
2412
710
502
457
2257
302
870
545
429
1274
1371
405
99
658
523
284
316
273
331
1050
995
1431
380
548
598
3014
3710
6278
36
559
233
495
531
285
518
486
253
280
410
897
239
417
543
353
425
443
334
468
715
909
539
558
1241
537
1389
646
992
286
697
2445
1650
559
276
958
850
532
489
177
485
514
486
528
317
1592
514
724
729
429
346
374
466
922
386
863
706
394
382
275
577
1291
505
513
1455
260
517
314
505
328
1406
312
454
423
275
1623
454
596
386
562
525
747
1727
298
855
1087
992
558
547
386
733
1186
1195
588
589
788
361
3489
285
733
882
792
873
735
321
517
338
1431
355
285
574
554
320
917
728
458
468
368
482
569
616
667
232
1347
608
550
397
405
844
445
995
1269
533
625
483
1781
876
672
442
327
303
432
613
1666
469
522
890
506
458
399
364
750
1239
914
373
1063
534
1101
515
128
345
719
79
283
416
810
1992
398
294
596
601
676
303
645
2328
354
384
768
441
602
563
351
525
266
7251
750
827
282
468
761
4911
515
1030
590
1735
331
190
2203
870
456
336
904
698
1022
827
971
1175
1318
319
903
651
433
263
347
3540
1090
1097
321
1096
418
366
2820
353
593
647
389
398
895
1106
557
661
414
733
284
2257
769
627
338
1131
285
1612
1217
732
1172
693
1037
356
376
3124
984
551
391
437
1661
434
705
401
155
581
459
853
1101
2277
1537
0
3377
559
532
291
415
333
336
823
443
442
325
1634
1224
176
2503
459
433
202
440
494
609
1258
1254
821
520
271
530
637
410
751
1000
2000
726
1395
559
292
315
249
2761
333
1251
347
808
1614
5132
727
581
2114
359
551
574
570
1950
736
3437
853
175
530
324
462
1169
430
746
352
469
4350
375
564
697
397
823
716
440
438
857
402
378
972
276
771
1722
515
541
266
173
623
205
140
320
677
389
2248
409
316
336
698
992
501
541
371
423
289
3306
235
615
298
415
1042
2150
247
2527
360
415
398
74
1415
1162
1802
428
3076
2122
477
389
1238
501
313
847
82
469
831
270
802
1043
1002
576
404
785
439
265
709
5965
353
427
535
852
838
997
471
832
695
508
366
742
525
1610
686
1033
2180
1508
1474
1482
454
1006
868
461
354
450
1140
177
499
422
387
509
186
1222
27
438
610
540
4460
363
1406
1053
365
447
633
637
612
387
594
485
307
1245
282
716
195
321
266
1203
1249
383
843
585
787
730
443
223
251
283
355
378
444
1217
387
266
382
291
1775
727
878
2226
436
12628
478
1293
494
256
1403
511
2598
775
927
331
742
1674
501
406
267
403
224
687
674
726
828
565
572
507
260
320
1865
279
330
283
1048
323
12
614
397
528
397
1357
215
672
711
279
315
4634
530
398
385
317
513
474
1944
587
287
282
1596
809
658
1301
1180
276
441
524
1148
314
525
24
9548
859
709
480
202
675
458
936
2693
282
251
739
504
279
1321
472
192
809
950
853
2133
485
1126
241
908
402
1293
668
887
275
411
186
332
881
462
1853
243
370
3655
1364
2454
710
918
510
514
435
346
3353
371
561
402
580
660
348
315
350
394
1209
2192
1407
402
244
2611
323
473
388
499
1379
1027
708
3340
3330
332
396
2419
292
174
467
1521
505
403
464
782
3588
282
568
254
173
541
808
554
910
764
591
2616
726
1243
2959
309
484
1024
733
823
3350
1130
1243
1696
380
1249
250
364
533
268
709
563
383
114
433
815
2044
498
278
318
233
1398
379
706
601
543
561
1323
1317
19978
243
233
755
42
59
3418
482
293
299
1275
211
173
5373
1544
450
2172
2930
848
1020
510
1463
296
280
567
557
1085
668
407
398
2520
807
442
799
575
266
599
495
470
452
446
413
525
2245
1245
365
379
752
277
188
208
382
213
146
657
468
397
3528
321
1265
1012
523
213
206
911
416
401
547
395
340
820
648
845
780
331
1349
3940
1430
769
198
567
1047
700
437
4193
5343
333
1457
7348
212
395
556
1359
405
7671
344
453
494
414
431
385
491
7043
304
1873
768
19800
300
741
359
359
327
763
525
39
699
6110
85
1965
325
448
1806
280
1951
976
967
414
1339
472
1757
1215
356
593
269
563
1952
418
716
459
549
836
3045
409
390
479
476
504
658
1535
370
620
2203
815
1107
737
458
2093
490
486
700
820
384
813
344
418
512
500
3279
729
281
1051
1007
316
588
2086
1167
228
525
768
387
699
265
253
221
1762
271
810
500
509
1166
843
585
1212
548
566
724
2115
1010
363
372
413
441
846
807
1246
652
11894
896
1036
162
440
217
3652
1907
596
927
875
755
446
347
334
248
275
1779
861
296
336
398
341
618
392
233
52
6471
2116
2297
869
1403
1934
221
293
1644
672
838
1516
568
1524
277
599
469
596
710
658
469
319
459
666
399
406
292
1336
1783
1598
840
414
876
760
290
1061
1099
1259
410
1071
2019
270
3534
281
373
285
1165
608
905
425
844
342
211
808
685
864
2638
2509
26
746
508
532
509
2001
1251
1149
495
534
3238
272
211
826
889
442
984
1788
484
1387
596
309
1300
272
529
554
394
496
573
483
484
421
229
249
943
379
865
602
380
683
419
210
515
1562
238
500
511
999
372
95
1234
398
408
470
494
794
153
492
377
385
1340
511
10594
499
756
533
776
302
495
705
232
33627
684
872
677
403
97
1600
287
194
676
306
887
197
757
834
1370
428
779
3945
218
83
378
298
2706
279
622
0
982
586
448
234
707
1750
1011
209
2236
996
329
167
1358
1270
535
1032
592
3260
3283
814
2206
424
83
599
396
1027
383
110
1262
447
384
514
2214
421
614
489
267
435
552
315
337
426
1795
4507
27
477
580
686
360
568
350
1222
530
234
394
690
639
411
1206
148
1255
2457
1020
654
364
562
509
425
232
1397
642
321
832
321
269
891
351
109
488
319
2165
881
5664
416
360
425
504
263
525
357
642
1012
479
464
437
733
734
397
513
1069
568
490
160
707
858
1960
383
409
234
440
406
470
878
1276
424
658
1616
357
270
817
596
449
435
978
342
314
733
243
373
532
505
708
245
546
270
924
419
543
736
348
627
426
2019
367
927
1700
600
452
378
604
225
1143
580
360
489
570
1020
352
621
484
2203
561
1847
538
406
864
2414
2293
376
1185
2105
2981
446
489
306
904
317
518
1394
4905
568
1004
393
508
3217
490
1622
1595
554
1434
296
483
1183
4155
315
290
586
233
1103
1614
82
396
410
534
252
387
590
657
897
671
814
478
1007
352
423
784
1544
550
0
330
461
675
16335
649
471
1143
186
636
231
1048
503
370
187
441
430
2689
340
558
720
312
961
101
292
569
2160
229
869
1037
2583
173
774
336
343
3192
2078
628
652
669
2022
543
349
307
369
39
266
818
7994
1881
521
732
706
403
4023
511
607
2436
636
241
312
306
6917
321
388
55
321
2372
366
2463
834
700
284
936
431
617
376
467
181
1811
753
434
403
939
1094
541
335
402
369
474
1055
374
1592
487
1139
1715
221
1385
331
4649
1428
382
316
503
1448
553
485
701
796
320
453
550
375
413
6804
464
457
196
443
5313
1362
512
800
422
1661
681
609
1031
3742
1049
343
704
1547
507
610
358
672
10421
417
1205
1073
1159
229
394
1464
2488
573
488
308
320
1136
819
413
564
382
687
146
306
444
192
857
349
389
456
328
1580
217
1212
804
795
313
5105
359
289
905
999
497
1339
385
1390
747
1654
1489
1342
938
1291
327
1762
717
7884
6794
481
872
92
200
454
717
488
484
484
811
1459
729
1391
498
1216
309
289
395
2274
441
492
1090
494
497
420
148
155
1816
450
1051
509
354
2832
1143
214
2383
451
596
495
1038
543
829
299
439
228
1981
1940
282
395
711
701
893
753
812
389
445
319
413
725
330
307
1120
1647
438
547
8847
564
490
670
1013
402
332
2242
4244
1387
382
408
403
992
723
518
727
361
644
730
314
234
406
1367
401
417
570
326
1019
634
459
851
2330
470
2035
173
907
666
3322
659
441
173
338
1132
523
712
459
361
493
425
857
2466
221
562
801
502
1112
779
483
747
592
483
475
520
194
1666
318
782
443
379
603
485
910
219
475
786
640
544
176
854
883
313
735
1568
466
336
325
381
1258
893
1034
864
632
520
419
456
403
816
684
347
389
3606
315
403
1320
230
493
3482
475
500
867
384
364
466
384
327
532
1247
525
577
2277
275
387
495
1478
328
181
459
1124
377
393
1257
435
362
1008
256
4658
466
516
712
373
551
825
604
2022
329
268
1239
1020
719
3139
502
645
576
699
1131
2169
225
895
562
341
884
112
388
1675
1696
560
316
963
417
1107
1137
482
396
263
441
317
5157
292
296
1972
588
491
532
1448
1606
804
555
1007
634
451
278
2752
529
4434
332
394
1969
1396
234
819
9245
749
597
561
3218
375
494
399
495
325
626
823
532
2245
182
423
259
4063
1207
1051
9
0
699
1243
473
7483
886
1771
487
428
1235
396
475
1469
636
563
761
1675
445
239
611
352
1047
1067
463
287
376
455
1484
711
919
2214
2616
909
2686
865
940
315
1920
1130
5900
641
1227
705
1390
270
1390
474
615
474
407
1012
998
1091
207
276
706
234
433
922
463
2634
449
672
1244
197
725
590
362
520
550
3718
513
398
4249
335
876
1820
418
415
352
510
222
449
614
492
353
497
698
487
453
360
248
494
899
593
4059
385
4591
432
544
408
803
662
8541
3281
320
380
6435
1090
43
1942
415
1189
605
208
612
453
818
329
382
1701
1753
883
497
366
544
475
5455
360
264
703
331
1137
4237
606
1773
2356
1701
309
845
500
3035
619
422
850
404
294
416
823
1969
2414
9626
954
553
1051
2015
283
559
1162
507
270
526
450
394
177
592
1032
381
1780
2852
587
4914
244
325
1506
865
438
371
458
1183
572
431
1172
341
1558
423
797
512
690
322
540
353
614
2421
386
408
351
419
754
722
773
724
4230
743
440
1005
425
476
369
267
520
625
1028
1340
622
2662
750
1765
515
1217
919
2005
488
379
53
491
406
321
1110
254
695
2888
387
971
556
440
330
595
783
417
238
733
324
504
819
459
1957
474
395
443
563
235
350
2499
267
589
277
161
357
828
688
852
306
332
480
504
291
377
2355
291
1015
495
1083
677
553
4259
356
602
1153
910
125
660
327
4327
1092
26
985
697
292
304
1219
512
145
441
284
776
321
1147
578
1013
338
441
1522
439
579
2037
482
1760
465
2925
573
639
740
483
1558
694
303
340
214
783
285
375
479
414
775
4858
1091
450
1734
356
191
321
413
500
720
340
4120
138
523
935
576
460
424
456
326
1631
400
671
814
841
952
244
678
362
395
237
70
398
223
920
42
321
560
284
582
831
468
385
318
664
251
1457
709
380
447
415
167
809
523
162
369
538
472
12633
611
1025
4336
785
511
475
586
1377
305
476
2478
175
89
520
2203
1049
2951
897
389
717
1026
2503
399
607
315
658
1020
637
452
199
547
512
460
878
547
406
6439
867
777
1951
678
437
1012
2344
514
294
491
1116
861
419
466
830
770
568
607
596
1671
521
1046
631
1287
276
348
569
589
487
357
1176
5488
289
1387
616
375
190
297
424
285
2029
441
321
6319
1705
1033
251
563
550
409
537
902
1681
396
225
396
464
736
969
237
1607
2162
548
166
429
632
1018
262
733
1059
969
324
3479
649
695
565
405
493
367
673
1030
459
1499
420
436
380
1963
336
249
364
643
564
747
377
304
1522
3131
575
523
608
1521
286
332
911
983
596
354
421
804
1212
1081
180
399
450
3944
2992
309
443
609
2887
589
290
365
268
486
321
878
1446
385
479
1078
44
244
818
357
218
2001
658
929
575
3162
323
158
608
3372
442
722
479
175
518
416
449
271
915
394
276
960
1347
2543
380
735
554
754
407
591
448
1606
318
295
326
434
737
484
616
1331
357
209
1568
563
334
529
502
1162
359
495
446
522
1061
832
1807
257
756
798
714
1614
289
194
301
9
731
702
1062
459
525
516
161
707
547
676
852
2223
2044
1321
719
675
950
418
8556
240
639
125
225
1771
348
0
380
464
2267
273
700
1281
366
502
694
644
906
1138
528
418
526
704
497
300
568
350
548
429
1000
413
111
515
834
835
357
1323
507
1186
243
1432
650
783
422
1645
1039
391
5463
758
745
1186
626
1932
346
296
505
263
655
1719
444
2848
491
534
737
486
2471
2101
447
1408
379
9377
173
1881
298
1156
699
401
422
1304
411
845
617
673
325
109
695
856
2316
389
5706
413
414
1117
3981
645
466
535
264
818
2186
846
376
893
1656
653
350
184
443
732
1517
639
658
375
384
619
665
417
262
1766
491
626
323
429
640
1852
611
281
986
1219
1184
551
356
814
3038
608
2406
543
920
359
1729
646
904
336
438
921
1288
362
408
447
424
1631
605
928
877
552
714
496
362
284
1072
786
1647
500
5666
167
349
860
1400
9
405
358
111
315
677
874
435
20025
299
917
1149
398
423
293
3261
1047
287
792
194
440
133
567
555
594
1738
843
687
369
763
478
2000
557
487
571
372
1455
385
747
374
1420
578
557
627
481
437
272
1553
363
658
1277
524
669
1862
348
396
632
471
405
345
514
532
760
1388
853
2204
302
618
1811
583
510
831
280
1402
758
397
540
525
497
948
140
1005
407
702
266
576
22401
734
841
545
565
655
391
305
1099
305
1577
317
1487
871
447
423
897
507
370
351
10783
426
550
601
624
236
628
320
288
350
654
430
590
982
432
427
1787
659
761
717
1470
642
2074
1679
676
752
4372
1540
1449
362
2623
2487
648
1641
393
14488
434
386
397
5012
434
334
536
429
362
253
472
476
707
412
1699
1433
1520
409
401
264
678
333
513
614
1560
877
564
504
1047
378
4326
307
2462
1058
620
329
1433
432
452
985
420
415
586
2126
830
347
602
1500
586
473
612
391
728
555
582
464
359
399
437
458
799
409
931
580
592
663
337
452
412
1737
171
111
0
454
1397
1024
105
631
1559
487
219
1704
583
135
252
330
397
342
554
274
318
297
523
558
640
508
651
1417
385
1694
661
355
1030
324
2801
452
443
387
1352
378
380
615
502
581
536
524
339
282
580
753
633
160
613
493
542
298
516
3727
384
559
261
404
920
746
866
10282
403
592
1617
721
546
357
324
520
7396
819
319
448
1196
35
373
1033
82
552
487
414
3030
376
673
254
1092
512
379
563
1857
3607
179
440
246
684
476
537
421
825
912
170
401
830
318
404
950
946
471
489
1413
422
154
525
483
913
728
1111
353
3596
189
369
631
1145
7287
184
479
1220
371
643
584
276
3606
472
1439
409
996
2366
738
4246
268
572
323
1525
527
3244
534
635
593
394
486
1842
552
265
617
196
395
422
365
979
594
315
219
2387
228
441
771
1004
522
426
286
800
299
887
280
470
396
276
854
661
346
1266
183
3040
309
515
406
498
207
1870
1034
701
1773
1263
669
433
990
407
292
277
493
295
680
495
488
716
382
1070
639
501
627
538
242
637
544
863
182
606
322
300
937
1452
366
3031
444
1405
1866
471
164
981
698
1195
511
283
456
2556
1976
870
1080
1045
320
1572
635
400
279
851
426
491
647
565
394
497
607
151
579
736
561
1108
604
1054
617
737
582
297
1286
777
147
7191
783
184
820
261
206
428
527
491
1174
654
989
504
585
290
349
754
1385
400
997
722
165
508
3719
1884
250
553
483
59
596
191
323
351
510
536
709
2807
285
1539
1222
260
725
1530
275
1355
275
339
553
1116
6064
219
1583
444
768
390
292
305
2628
357
317
385
368
942
358
251
759
329
262
402
494
366
508
419
437
1018
295
917
422
851
358
500
630
1204
554
860
428
556
464
918
473
494
453
1194
239
584
259
573
3059
338
772
413
596
449
4488
1044
1559
212
553
439
743
263
346
443
1325
702
213
706
295
330
1161
746
389
471
385
2813
661
297
598
508
792
498
561
1677
379
2307
799
425
478
497
290
608
765
856
330
338
207
390
1121
785
2544
209
1435
826
655
374
1846
522
160
649
1003
297
214
299
449
1012
422
356
227
132
768
1013
863
487
351
1593
770
599
574
613
765
542
456
2214
257
505
330
262
899
5299
101
278
401
692
409
428
435
535
883
1610
1058
1978
914
855
886
271
173
157
1036
343
287
476
671
1748
436
1184
596
1036
340
2214
1016
177
230
215
477
383
306
1013
366
681
1229
530
952
353
795
2145
332
107
1222
701
229
347
502
636
724
577
624
253
543
489
611
359
514
349
1012
1100
454
250
402
5112
469
496
484
4422
1127
578
345
813
2003
719
307
884
281
732
1055
159
1134
354
376
612
5425
1171
282
407
396
1110
176
243
598
521
925
396
2353
672
420
1019
954
515
2162
290
374
3210
534
352
511
1327
292
498
1655
542
428
2031
1863
474
362
816
117
467
432
446
2587
3165
490
610
4842
1546
353
1317
310
264
213
442
2341
686
712
1196
148
951
1472
745
978
423
219
1246
481
861
301
199
509
4151
552
428
465
1423
64
278
395
5416
606
3438
760
368
39
424
824
1441
672
306
415
479
619
471
701
1051
342
483
521
2097
1010
810
322
915
383
615
937
366
756
752
316
386
679
1397
346
411
868
558
456
374
133
414
1674
1030
940
915
356
2413
692
400
1410
387
1681
2204
199
399
816
277
545
1057
472
389
867
471
617
2171
360
661
374
512
1176
313
314
334
743
852
696
1142
425
343
540
858
1056
429
2637
396
524
360
982
665
528
447
553
786
477
432
315
374
395
295
1063
1608
1087
1694
1970
456
1510
192
3719
392
649
331
690
511
593
384
753
628
511
198
366
308
333
319
251
419
436
0
355
1791
643
4033
466
336
1021
652
399
557
536
338
680
1199
1607
439
1130
470
581
311
380
103
556
423
493
1097
583
700
749
430
323
492
674
32
657
2322
2647
1265
271
208
364
374
5140
107
850
490
423
271
317
228
431
299
627
321
1410
420
1847
371
6645
221
415
550
159
906
1452
417
150
377
1640
513
273
7006
1107
1001
1320
327
361
544
465
446
2257
1073
503
358
451
448
601
312
1168
821
1090
1565
521
353
1482
305
363
511
2726
1458
463
2147
430
368
507
353
462
2730
1481
373
271
1060
559
535
662
1359
407
755
299
680
1108
700
314
620
3171
2107
425
715
356
117
309
274
437
1748
2372
2376
633
164
3801
75
283
356
909
2162
232
1184
375
1256
321
100
254
408
812
397
328
671
385
525
859
340
337
451
1029
471
314
473
673
380
575
431
1878
1391
339
705
578
766
111
1940
93
575
485
289
489
97
437
515
571
4254
516
2135
497
424
796
863
641
323
959
934
406
1512
354
534
848
676
2520
393
237
658
358
415
1940
372
738
507
433
1409
1155
457
325
261
492
183
448
365
1176
1231
889
395
683
37
231
1607
507
230
282
506
547
1033
358
375
27
435
434
449
612
351
522
1358
1415
983
713
381
483
174
876
5919
378
497
420
711
506
720
738
943
350
1114
478
512
791
669
348
1065
2330
927
7604
571
1354
1326
1093
343
1467
1157
397
494
500
1997
630
276
330
337
296
1233
254
215
781
567
26
282
584
409
476
1527
228
6075
337
345
121
1387
3432
1022
1160
835
1133
1537
1042
340
17
302
131
495
459
243
377
245
4198
472
880
1498
422
585
219
236
457
484
740
450
112
545
474
393
544
902
499
1212
675
788
666
344
446
5403
1021
3416
373
778
860
445
803
363
1081
414
530
985
3591
1153
411
292
244
6404
117
647
535
378
377
709
339
374
732
533
482
425
1492
324
3880
1091
322
470
2049
2503
328
417
444
17300
441
923
351
698
726
3861
2678
995
829
265
238
330
320
2334
297
499
42
522
386
475
3659
406
349
372
395
368
620
1345
486
108
405
312
200
934
479
473
401
509
537
269
2022
2216
1190
575
1957
645
1872
279
505
823
830
1287
2090
2550
558
8878
455
388
501
885
407
373
329
285
520
3166
1726
1085
1090
505
691
401
444
588
1312
788
524
309
1329
4810
650
2023
569
944
372
735
380
458
430
335
422
226
298
182
421
581
331
273
489
535
13175
215
973
439
658
7665
686
369
323
589
834
830
514
616
718
604
495
369
1102
462
726
514
3752
1104
1316
209
542
2134
676
337
231
411
1143
673
1175
143
665
1343
2670
377
495
83
2576
1388
649
723
459
2719
1918
1772
492
421
1938
297
1665
1157
3026
4636
626
1109
486
418
2114
1412
494
492
1350
596
774
345
375
815
289
989
2661
207
612
474
450
640
258
805
719
407
189
150
388
895
2200
492
2129
960
1476
204
333
942
368
434
1226
739
206
539
738
824
304
339
842
640
356
292
788
915
454
370
429
492
465
265
632
359
348
498
317
569
751
968
535
1610
983
213
6668
368
456
270
9166
333
358
42
1601
476
1034
924
308
383
461
1144
1044
823
175
335
6838
3932
516
502
201
1271
1062
454
1512
301
4193
540
244
929
344
3235
292
500
527
398
577
626
593
705
364
347
912
305
785
393
1440
250
251
564
1375
512
225
3066
233
1049
252
592
571
2252
487
427
367
1170
394
746
841
459
598
1329
301
1580
313
4407
689
620
372
721
1317
486
3357
1415
188
210
581
1776
1044
875
461
539
600
362
538
1906
440
398
2689
359
703
1058
210
281
366
523
980
3814
720
177
665
481
766
339
315
540
288
661
563
490
366
302
617
807
2150
348
546
585
796
132
540
2271
590
899
492
476
655
75
4300
658
316
1046
521
940
337
800
1869
589
573
661
396
277
252
619
432
434
513
770
356
437
448
407
482
7984
646
372
334
808
2149
1504
575
560
286
5374
629
749
586
818
442
1001
710
1933
1407
804
1057
549
681
436
171
1359
191
521
405
1022
404
1674
4835
310
685
424
854
516
689
368
2138
418
375
2266
772
2264
348
303
671
1171
324
496
754
4564
244
335
383
667
683
816
519
832
384
551
420
376
836
606
501
153
717
778
2364
1855
405
322
17914
1004
518
518
321
538
753
139
414
574
516
1486
456
453
333
827
933
315
313
470
727
1403
662
781
549
427
503
320
1193
1318
282
293
476
456
1095
776
328
484
574
619
924
204
271
128
528
354
542
557
2255
306
1234
3892
426
475
802
1034
560
691
958
628
487
311
1558
2810
7403
1028
546
2466
445
672
340
263
456
479
2235
575
652
327
446
558
322
3335
382
591
950
3055
0
309
1872
767
218
203
1540
2564
917
515
412
515
455
506
557
922
713
628
651
1830
146
541
266
970
707
2904
974
704
684
1016
865
1118
470
407
844
361
307
438
517
480
106
167
425
555
1247
107
561
1028
2476
704
396
330
7407
676
398
1302
504
517
15573
584
641
282
311
510
600
362
275
1026
347
2485
444
221
574
421
427
2589
1015
847
855
251
924
351
465
492
2211
522
1350
190
352
778
521
255
359
840
200
242
411
609
365
791
2367
2445
501
2556
684
7069
486
3378
152
547
1773
4521
382
796
815
578
768
464
1035
274
383
1026
378
506
478
221
1177
1179
738
464
1133
476
597
536
385
411
469
409
751
850
474
292
4775
806
2278
723
311
2137
593
498
1044
1861
707
967
374
218
526
477
2384
239
239
32
435
497
502
1896
408
445
1024
763
382
274
613
906
910
728
340
593
75
483
384
1201
284
529
586
316
459
419
397
13713
702
513
404
555
441
238
413
392
758
275
824
566
235
420
492
570
596
1758
152
287
1149
768
766
348
629
3644
477
1394
840
284
1359
223
534
311
506
461
1007
364
1912
348
1082
315
557
3524
298
1715
539
455
1999
2983
602
358
447
318
459
449
1550
923
711
459
1955
1389
2588
455
619
308
415
835
356
1375
616
540
303
559
523
676
504
599
1180
1007
418
796
29
526
1896
186
871
472
667
242
36
547
1971
782
615
7323
982
368
671
1242
395
1283
171
564
766
220
649
575
437
476
547
796
811
482
1301
393
1023
418
1538
458
677
688
3794
327
562
374
86
426
1073
77
1340
517
1585
2482
439
395
259
367
250
942
319
742
798
692
504
1252
212
171
0
479
581
3148
379
452
507
1712
392
3405
426
898
610
469
347
444
1098
590
454
222
550
2000
887
454
1048
686
271
238
1452
2299
556
407
480
387
934
408
1443
2556
2834
370
398
367
2365
607
710
931
368
525
288
336
1713
351
385
639
550
362
497
503
24
512
719
116
556
344
382
369
661
576
236
257
687
9185
378
3587
1127
2725
187
467
200
535
739
358
240
410
244
1097
394
212
880
1657
47
338
498
827
421
246
254
338
588
309
1025
481
454
739
702
289
4814
1463
1229
2268
754
2782
2181
683
372
1589
446
482
379
215
647
1561
405
760
906
950
905
701
1120
456
2537
502
1883
948
440
498
458
487
896
363
412
830
637
212
2404
481
386
770
487
356
3713
484
1518
264
447
1846
306
310
309
506
70
452
683
369
306
491
346
600
1902
252
477
345
350
953
194
328
1297
8237
314
1163
345
468
410
402
474
548
428
387
747
452
383
169
351
559
425
430
1069
110
996
1900
432
251
701
605
1263
528
4181
948
425
497
2623
775
206
446
1093
9328
381
561
524
2163
715
565
2369
517
396
601
297
1885
212
333
507
358
492
6065
2461
808
1809
299
296
478
1227
551
312
199
486
804
568
327
667
382
836
835
648
356
683
366
175
328
301
437
450
822
280
732
520
374
1478
426
877
427
347
137
286
838
784
401
2488
929
470
898
513
209
572
311
474
315
2895
294
2061
376
385
619
1079
183
751
187
219
1048
259
831
481
4130
469
399
509
1326
295
402
473
405
209
574
693
14778
541
446
0
270
530
901
611
2036
363
365
509
156
412
484
595
1938
1173
882
365
334
1822
589
867
624
463
1537
585
2295
4112
1235
494
1995
189
660
452
382
396
1724
1204
309
491
244
321
3451
607
119
294
260
3036
208
369
390
461
574
697
590
232
700
2731
509
97
676
374
297
747
2274
350
22
339
589
568
3787
499
201
544
877
698
379
829
255
760
157
271
1999
489
939
265
641
2222
349
2030
97
280
329
458
312
1222
299
504
1519
1260
670
861
822
1672
377
439
322
658
2510
465
3970
1513
397
360
879
4451
700
551
843
16
531
604
494
1365
2104
299
496
7315
2084
391
507
584
15776
812
1567
975
1231
20022
452
529
646
271
727
865
413
703
387
1076
632
1648
444
384
700
357
467
1010
359
376
1070
664
337
491
925
1443
691
91
1602
365
208
279
1470
559
616
473
1092
1182
464
359
296
195
290
687
406
327
1014
509
1759
425
1863
1155
764
248
624
5226
277
1060
583
506
249
659
1993
211
436
318
337
351
6455
414
537
2036
323
311
692
445
430
146
702
584
1539
333
545
2006
394
464
352
543
1278
7524
602
399
332
574
261
490
536
499
279
1107
419
578
879
343
375
461
435
514
226
360
263
1555
467
556
355
1255
508
340
1097
415
130
447
360
272
1012
550
828
312
541
680
220
672
734
6574
445
337
339
956
976
2104
182
67
3539
579
2343
2631
427
382
647
783
1056
654
3370
1647
13
577
1669
439
1238
1151
1545
1112
492
629
644
427
427
498
929
755
786
493
265
826
897
610
668
1366
659
7395
553
496
387
307
355
342
753
497
679
382
386
516
238
1024
359
334
852
314
2399
314
423
26827
1229
531
679
10539
387
480
1016
654
373
570
462
646
19
404
535
465
423
359
532
193
434
866
449
277
673
1576
847
1690
443
699
794
182
5815
930
2992
634
304
210
746
305
175
625
421
439
362
774
645
384
369
335
452
1577
5745
3040
1231
412
1633
1025
853
2020
2580
447
297
334
8717
755
2331
2083
236
175
719
280
416
636
1038
390
759
336
684
240
1046
399
255
934
195
755
3072
261
797
4255
468
3942
494
1215
922
878
662
1521
337
428
548
1323
525
768
707
438
268
617
326
416
578
285
690
534
2330
464
1635
813
694
642
371
885
347
440
1274
228
2389
195
305
954
1911
747
285
392
364
1430
472
536
270
415
312
42
1583
262
282
253
6748
342
368
266
562
855
1023
2450
884
448
188
763
344
2286
314
309
401
407
34
1017
614
528
611
436
479
926
406
467
407
2337
732
317
360
1262
1181
764
1180
382
5104
714
1087
463
833
309
1144
439
463
1826
211
744
446
299
820
4605
437
488
11274
846
368
137
1051
1696
0
1806
436
814
1160
44
1588
200
26
169
554
341
870
380
2438
1803
1240
1085
2108
303
424
468
91
575
272
513
552
1324
361
644
913
474
313
1481
1560
1054
680
435
282
1386
1760
924
779
359
2467
581
348
488
407
837
186
395
770
680
539
290
430
332
880
1193
1254
278
320
396
518
5
1974
430
2232
1019
548
408
493
785
1004
857
581
343
185
372
469
576
500
3788
26
1045
1228
719
173
893
321
541
396
17
1559
787
527
311
1367
1751
326
594
261
808
1821
384
395
535
1714
738
681
590
1014
491
2396
292
567
313
308
499
625
347
289
3190
1286
360
307
21436
862
1119
1802
1771
418
987
473
410
3445
352
596
555
2306
867
2094
840
970
412
449
5953
443
925
767
311
299
108
370
625
2238
450
353
900
483
695
111
1035
27
467
1657
1806
401
771
316
170
590
416
516
848
2453
645
3384
584
889
1073
1686
467
1860
524
8529
253
322
461
3003
601
206
2877
1475
320
3216
373
374
969
379
1309
863
556
331
1548
1054
631
1070
491
608
312
548
270
800
424
274
292
1186
129
1673
931
983
534
289
282
624
317
537
1165
1055
761
1347
491
287
1164
485
750
436
876
1905
695
4429
1104
563
475
90
443
915
701
1328
274
2936
522
1288
440
1191
518
2003
588
922
705
750
381
346
315
2231
99
350
541
11202
465
1063
902
616
1713
390
382
418
278
2828
641
1629
599
193
8188
406
468
541
493
437
401
291
488
628
563
1619
1319
1638
1513
456
2436
366
818
9187
2234
909
551
1307
359
1098
749
332
658
741
515
382
429
281
402
0
4060
3065
634
1581
1098
576
132
330
1952
2689
17
620
620
566
400
651
435
775
2950
519
355
1065
7531
154
953
1063
316
760
492
738
977
535
1043
596
91
303
518
248
215
378
280
816
4311
1217
961
322
874
390
398
82
356
388
91
706
853
366
117
839
600
124
473
344
2125
27
457
123
1847
165
430
860
402
1996
34
340
472
262
2873
506
214
496
771
766
322
398
755
556
656
441
733
395
243
342
1232
531
352
465
446
288
974
1981
211
477
595
600
753
262
1117
398
160
543
675
502
383
772
458
1168
1760
191
506
2366
298
606
569
54
448
452
218
418
723
408
573
314
2092
1553
404
951
830
1191
609
380
435
559
654
4060
1582
396
543
641
1417
1094
1747
692
347
352
356
423
1654
19
1596
433
285
520
819
1674
3373
148
188
1472
692
856
799
1174
2017
1185
455
1940
1365
909
547
980
1670
629
932
1331
585
1363
1775
713
366
306
322
309
421
1460
50
12017
4126
616
521
417
343
675
4257
403
59
341
953
716
2132
1389
320
956
728
477
912
587
415
587
2309
2348
460
1626
623
622
1107
165
352
879
552
456
660
1555
687
714
467
5621
8385
440
319
476
566
2381
1958
507
470
693
424
1248
1993
400
9489
187
6825
314
1665
303
1122
409
508
2999
611
975
543
351
335
1480
1187
422
439
1069
16
1217
570
1152
1508
377
362
897
473
752
247
219
401
371
393
280
398
265
961
288
420
802
989
199
392
252
446
453
480
392
722
406
515
188
236
561
325
442
504
340
588
38
1418
315
397
2548
1526
910
287
1423
296
395
267
1454
1586
386
1416
297
899
372
730
273
506
1220
925
483
213
475
26
702
533
1191
911
408
228
357
687
812
520
1509
237
540
820
250
323
494
341
374
1286
347
354
1154
452
2258
364
1191
743
378
501
802
331
470
323
419
465
342
1847
491
473
603
752
160
762
355
472
909
403
773
430
3344
492
1674
1001
184
259
6823
2414
532
1903
702
830
2379
935
580
1317
2331
61
225
328
448
1371
749
1343
307
759
868
678
330
616
674
4552
344
4509
460
503
1255
351
507
5959
394
745
669
422
305
343
456
760
774
1837
291
1486
430
97
578
557
301
550
1421
935
202
1105
304
238
654
858
298
628
487
433
986
576
342
421
393
435
526
1482
528
393
701
349
500
743
366
594
266
708
534
357
1264
433
614
619
266
533
160
505
379
1010
854
421
338
424
1636
848
768
247
862
1137
411
454
222
301
737
584
522
1691
799
206
580
505
573
629
1066
407
565
673
907
216
266
376
964
532
2581
2062
1347
668
692
315
542
321
505
2804
227
2453
1299
596
8567
480
624
400
880
425
311
9165
635
2575
1824
869
329
353
787
559
241
411
1318
397
562
1080
605
319
1241
445
482
540
3357
403
1521
625
1340
1970
456
542
1592
2618
565
211
552
972
1967
1455
2570
411
628
395
455
530
610
1444
569
791
733
313
328
281
571
631
709
408
498
6
474
690
326
338
1311
320
1343
488
289
550
940
475
267
771
500
573
833
280
832
403
110
451
984
212
371
497
3311
393
1397
976
609
644
552
890
594
358
601
262
326
1065
2114
294
412
296
200
593
459
180
605
680
396
358
812
1144
608
459
450
868
308
521
2176
375
1302
2431
908
173
1113
133
465
650
617
485
397
581
401
405
450
454
622
333
410
382
1262
3255
459
215
719
516
290
1197
436
295
447
948
1326
398
413
609
214
358
2402
74
543
1726
1349
774
678
1040
1373
503
284
261
1255
642
1783
496
962
582
356
289
399
135
2221
415
1630
816
606
1868
1135
7581
1173
275
500
670
1071
498
479
225
391
395
452
325
465
441
969
522
413
1423
401
2884
43
1768
759
476
636
496
427
601
741
694
1364
606
673
1611
547
3717
502
751
392
696
1642
633
758
323
420
9232
308
663
501
2159
426
596
283
2367
2265
274
472
496
384
750
610
863
841
812
287
1464
607
306
310
946
459
99
217
214
418
597
97
353
330
2883
496
235
289
1810
458
442
516
178
2975
249
400
235
603
52
680
2483
2321
527
396
567
369
597
406
549
1188
2782
295
624
211
415
10610
642
810
933
1088
521
277
1615
773
560
401
758
559